"","f.t.opt","f.extract","f.sec","f.growth","q","q.s"
"Bis",NA,NA,NA,NA,NA,NA
"f.t.opt",1,-0.0521623735962283,0.0820612268999368,-0.424373033959101,-0.0403784136865877,0.164262354891392
"f.extract",-0.0521623735962283,1,0.0120230760280679,0.028754580003161,0.0041996054674664,0.0502519712470815
"f.sec",0.0820612268999368,0.0120230760280679,1,0.00714622098620389,-0.0897947150929647,0.827086292549069
"f.growth",-0.424373033959101,0.028754580003161,0.00714622098620389,1,0.749786912840475,-0.0288535761803717
"q",-0.0403784136865877,0.0041996054674664,-0.0897947150929647,0.749786912840475,1,0.192450933467806
"q.s",0.164262354891392,0.0502519712470815,0.827086292549069,-0.0288535761803717,0.192450933467806,1
"Med",NA,NA,NA,NA,NA,NA
"f.t.opt",1,-0.195866923137982,0.130210949584426,-0.790560476015037,-0.310072686423575,-0.0466863786479489
"f.extract",-0.195866923137982,1,-0.067837697747629,0.332602068610247,-0.0788106605372358,0.619182383952825
"f.sec",0.130210949584426,-0.067837697747629,1,-0.210630941850545,-0.0677375084772792,0.701932700548247
"f.growth",-0.790560476015037,0.332602068610247,-0.210630941850545,1,0.715622504862354,0.111618349672989
"q",-0.310072686423575,-0.0788106605372358,-0.0677375084772792,0.715622504862354,1,-0.0117677764280625
"q.s",-0.0466863786479489,0.619182383952825,0.701932700548247,0.111618349672989,-0.0117677764280625,1
"Dig",NA,NA,NA,NA,NA,NA
"f.t.opt",1,-0.229155793823237,-0.159109198500985,-0.418425534478663,0.036789897761278,-0.192748632765032
"f.extract",-0.229155793823237,1,0.482868201050506,-0.14401815773711,-0.282227907798399,0.739861120498334
"f.sec",-0.159109198500985,0.482868201050506,1,-0.359854013365186,-0.266000941597009,0.907902694505359
"f.growth",-0.418425534478663,-0.14401815773711,-0.359854013365186,1,0.38683620496258,-0.426335272129265
"q",0.036789897761278,-0.282227907798399,-0.266000941597009,0.38683620496258,1,-0.288732521647187
"q.s",-0.192748632765032,0.739861120498334,0.907902694505359,-0.426335272129265,-0.288732521647187,1
"The",NA,NA,NA,NA,NA,NA
"f.t.opt",1,-0.181296815110734,-0.516677431885667,0.364334487932016,-0.525048805580149,-0.498786377674401
"f.extract",-0.181296815110734,1,0.190862311314489,-0.132031875605312,0.0906888310060852,0.180070344263848
"f.sec",-0.516677431885667,0.190862311314489,1,-0.739699130866196,0.639309852016233,0.807183421218877
"f.growth",0.364334487932016,-0.132031875605312,-0.739699130866196,1,-0.404261230396197,-0.844121897489457
"q",-0.525048805580149,0.0906888310060852,0.639309852016233,-0.404261230396197,1,0.615325056298855
"q.s",-0.498786377674401,0.180070344263848,0.807183421218877,-0.844121897489457,0.615325056298855,1
"Chl",NA,NA,NA,NA,NA,NA
"f.t.opt",1,-0.275383067175066,-0.00366230279722599,-0.527448640348302,-0.0387385564882247,0.119382673820479
"f.extract",-0.275383067175066,1,-0.0756124801391708,0.333171034925384,-0.182900435382985,0.158557629192948
"f.sec",-0.00366230279722599,-0.0756124801391708,1,-0.117575081020237,0.0569788163808577,0.638618333714752
"f.growth",-0.527448640348302,0.333171034925384,-0.117575081020237,1,0.428202408100383,-0.220353914333217
"q",-0.0387385564882247,-0.182900435382985,0.0569788163808577,0.428202408100383,1,0.320104660949316
"q.s",0.119382673820479,0.158557629192948,0.638618333714752,-0.220353914333217,0.320104660949316,1
"Fes",NA,NA,NA,NA,NA,NA
"f.t.opt",1,-0.0479030629011631,0.531645465155974,-0.438837947001607,-0.00667532453229449,0.458732495438504
"f.extract",-0.0479030629011631,1,0.128061629558937,-0.113561492309051,-0.0441041610878745,0.248765990634684
"f.sec",0.531645465155974,0.128061629558937,1,-0.0446418357358716,-0.0631230500214145,0.890751935432994
"f.growth",-0.438837947001607,-0.113561492309051,-0.0446418357358716,1,0.0438082077352614,-0.390135689384892
"q",-0.00667532453229449,-0.0441041610878745,-0.0631230500214145,0.0438082077352614,1,-0.0372486754927544
"q.s",0.458732495438504,0.248765990634684,0.890751935432994,-0.390135689384892,-0.0372486754927544,1
"Pha",NA,NA,NA,NA,NA,NA
"f.t.opt",1,0.0438705925564264,-0.202062869261555,-0.60537130465109,-0.335023267852523,-0.191900606437872
"f.extract",0.0438705925564264,1,-0.169402532878853,0.0353557687869063,-0.0475775205611658,-0.126876218295758
"f.sec",-0.202062869261555,-0.169402532878853,1,0.295923579893595,0.311262554874582,0.534506609246034
"f.growth",-0.60537130465109,0.0353557687869063,0.295923579893595,1,0.912019825877219,0.130908485093874
"q",-0.335023267852523,-0.0475775205611658,0.311262554874582,0.912019825877219,1,0.11446977070307
"q.s",-0.191900606437872,-0.126876218295758,0.534506609246034,0.130908485093874,0.11446977070307,1
"Lol",NA,NA,NA,NA,NA,NA
"f.t.opt",1,0.0186894627463944,0.383367193010288,-0.670600618181554,0.112397057521551,0.496739393467705
"f.extract",0.0186894627463944,1,0.208129545998635,-0.118782356135084,0.0360944578026304,0.331997578217033
"f.sec",0.383367193010288,0.208129545998635,1,-0.135176451894546,0.166527398703534,0.891439237261
"f.growth",-0.670600618181554,-0.118782356135084,-0.135176451894546,1,-0.0403728975904212,-0.499677787286659
"q",0.112397057521551,0.0360944578026304,0.166527398703534,-0.0403728975904212,1,0.164082058264828
"q.s",0.496739393467705,0.331997578217033,0.891439237261,-0.499677787286659,0.164082058264828,1
"YM",NA,NA,NA,NA,NA,NA
"f.t.opt",1,0.111721721523943,-0.166478846536906,0.352535628155806,0.224930460443344,0.0174708151684183
"f.extract",0.111721721523943,1,-0.172487059269413,0.0740287329038308,0.149201426546992,0.198685255025366
"f.sec",-0.166478846536906,-0.172487059269413,1,-0.499391574341913,-0.81249053450991,0.723640760653334
"f.growth",0.352535628155806,0.0740287329038308,-0.499391574341913,1,0.829864162461741,-0.658548224956826
"q",0.224930460443344,0.149201426546992,-0.81249053450991,0.829864162461741,1,-0.687499081844093
"q.s",0.0174708151684183,0.198685255025366,0.723640760653334,-0.658548224956826,-0.687499081844093,1
"FT",NA,NA,NA,NA,NA,NA
"f.t.opt",1,-0.00281566183928591,0.0380811086378101,0.194713042913454,-0.0145936744372976,0.127323494986843
"f.extract",-0.00281566183928591,1,-0.176539635712,-0.0474135605964947,0.146100673837853,-0.0642745361393508
"f.sec",0.0380811086378101,-0.176539635712,1,-0.104855926677912,-0.864639925753391,0.873994771108558
"f.growth",0.194713042913454,-0.0474135605964947,-0.104855926677912,1,0.526180349512491,-0.515433758558297
"q",-0.0145936744372976,0.146100673837853,-0.864639925753391,0.526180349512491,1,-0.949723584964836
"q.s",0.127323494986843,-0.0642745361393508,0.873994771108558,-0.515433758558297,-0.949723584964836,1
